28826
10146
16286
21554
22765
25369
8029
17538
29595
4687
6665
25135
27361
30577
8177
8178
10232
1550
15629
28337
2091
31600
15979
29165
21230
25202
27406
25787
20726
10989
5451
28929
17087
27600
3071
12978
25925
31814
26384
4043
3619
12032
22431
11975
3134
25572
8140
31804
1011
4880
2410
23159
26958
20233
7023
7504
20563
25556
7247
30138
3240
1813
14395
4570
11396
15545
26193
9757
4196
8524
11138
19580
20067
26665
12592
8339
12618
20297
7148
9747
30006
16381
12770
18356
25945
17200
5153
24757
6310
17283
20630
17747
9460
18669
5378
10625
1413
27475
29450
2990
21896
206
21805
18152
22858
8046
17397
12407
4624
14778
1994
22319
29831
9378
13789
17442
19783
17112
10205
30689
7635
29597
4016
14060
10823
7384
24412
8863
15918
15080
23647
26577
21340
14364
25437
136
15556
24432
29495
25285
26549
12616
22702
24075
28397
30325
23969
25202
653
29460
19164
8101
25874
7132
2780
13645
10357
24679
16397
5945
11964
22503
1144
17668
8343
28548
28037
31932
25930
9769
2898
13804
26604
10578
26100
25596
30962
19250
25194
25322
14875
15181
4526
127
15149
12853
26207
11056
19100
1280
18833
32735
24183
31024
24587
14518
32577
6510
17139
21605
548
22179
7322
5458
25028
22504
19011
12606
12013
3046
7005
8446
18716
9819
3776
13454
24804
6785
4720
1278
32538
12215
2027
6861
30261
23525
24190
24542
24001
21994
26704
21812
14094
22328
29945
9155
25193
11806
23804
13467
15933
21135
22168
10169
25803
11875
5553
8079
11174
3059
15386
14353
14020
16070
14089
17590
7719
6180
18777
11359
4025
16225
13404
25473
25116
8059
22554
1029
17145
16074
32677
20758
4197
6729
4027
28035
24772
31090
17995
12224
13375
27560
26196
14883
27879
9466
23471
17634
10881
895
2886
26044
7708
21172
9171
29415
21512
31105
7315
17076
17040
12211
17422
18404
10878
24985
17974
17426
16289
7679
1728
12462
6169
19533
11583
17300
18865
4168
7572
20811
13691
30094
16200
9773
24191
16053
18219
18300
32604
14163
30428
26341
18068
23188
3240
17420
18275
10709
27148
708
15734
23252
21722
7083
25165
16565
29983
16426
3200
8167
7191
10976
23396
24501
4854
28940
4657
22415
21363
23566
24599
31314
19211
15836
21428
12803
29546
32368
26186
14131
27664
31646
19047
9592
5089
9806
7070
14176
22508
5186
18366
27876
21348
27336
1189
1434
28238
5502
12588
29623
12381
32136
24653
11279
752
30850
17734
15093
17036
26848
17942
32645
21008
17484
11936
11547
10470
6661
1585
16356
13995
10707
22991
18238
11864
16728
27237
5881
9285
23708
12635
15283
5370
30415
11329
24143
19519
31251
13631
13503
559
25192
29365
17340
31160
31511
23592
23424
24236
8027
12537
16045
27664
32269
25246
26798
11144
16118
13079
23219
23478
31556
15619
2352
17201
3855
21041
26660
19618
18307
25004
7
9185
26806
11340
14247
22183
19036
6978
46
1734
18232
23598
21285
15331
10597
17567
13053
15859
23297
13169
31283
18920
17846
19858
27531
2212
22037
5962
23765
10249
11273
5432
5988
18716
5795
13761
15094
6723
13280
32372
20202
32630
19005
2162
21558
17234
10757
17557
25467
22154
7155
32291
16969
19580
16037
14580
2368
25962
29550
16104
25445
23860
11647
336
26622
27663
17741
21436
22715
22730
31186
30800
10395
1197
16753
32375
1998
20580
28710
22547
26256
11660
15466
32149
9052
15759
2640
4642
18094
753
32420
20549
19712
9859
31447
8717
24750
13009
3576
8134
29403
20121
30124
21915
25168
19833
12450
9006
12940
2696
13883
4508
30052
23708
31852
17359
21248
26131
21874
13392
24322
27806
27948
25468
19064
18014
12522
14071
3527
2539
703
25518
19376
29301
16860
8381
7419
6000
23892
19598
20465
18427
19587
6564
4675
19891
8036
8507
13502
22234
22279
26606
22481
25287
32418
21563
13000
10163
25260
20480
16366
30074
344
21518
21426
24725
14682
21880
186
5179
4310
3137
27329
20214
31182
19298
22805
31721
4146
16604
24023
15166
7132
29167
9737
18133
24318
27200
26994
1686
9429
23019
10287
29978
2273
14783
9279
18636
10578
27737
32264
8954
27224
19960
12570
25233
6970
17676
20017
5439
6769
7098
26319
13364
30416
27930
23774
20011
5463
30482
16289
23591
23117
26740
12594
12173
27955
16163
12390
7390
26046
8971
12551
12051
2191
24500
6574
81
6700
3978
23305
29443
31878
7843
8910
23730
9434
23836
18593
27807
9149
7443
21287
1272
12342
12798
9082
21424
26760
2827
12030
12810
4531
4078
21070
19216
351
4911
3941
32449
27094
11671
370
25015
23455
32569
20314
29081
14358
5129
23532
19981
7098
10377
27815
2177
8621
19213
13296
9102
31583
19095
28934
22595
9808
29625
31080
3402
22429
32764
6285
9269
9198
22624
22901
16608
27988
6527
24842
16377
32046
3244
10690
4327
1440
15440
18404
22599
1643
30513
18403
31118
19126
30042
31073
28003
10355
5762
24029
8692
16361
21045
9981
2945
7237
28154
5763
9553
13954
23790
9737
12437
19893
20573
1465
3850
11570
16942
19424
8122
21482
20669
11652
18990
1175
6775
14928
21249
20529
31608
4640
16873
7971
4258
30202
13206
32341
23623
2531
14455
10511
13456
27618
23538
30570
3352
28276
8260
14610
29068
17710
16970
5784
17152
13551
28971
31218
32341
12668
10079
30706
8519
27617
8513
8495
5335
29907
18319
16091
19505
4163
21734
7927
977
19947
22085
2130
9419
24225
22296
1289
31906
12428
1651
23664
21305
29416
6858
16926
4453
28591
24050
15094
7294
32159
11974
22977
32018
14905
21301
28174
22565
31742
4835
14454
4895
9547
31514
30990
7208
10240
8219
23723
15943
24476
13546
14247
16085
8904
30302
9439
14061
14727
29522
17918
10982
14328
8825
25779
32698
2027
29927
27462
22126
19783
28127
20228
5860
9180
6713
19031
14990
8101
31304
20386
25470
3813
1094
27003
22842
3264
21066
876
29301
20625
23529
15781
13513
1828
21137
18627
16639
17266
10028
2426
16074
2069
24984
21458
1781
7899
32296
20826
2684
23643
19926
27934
29301
7371
32749
13236
30561
14776
12980
2634
30117
9921
28865
27505
22955
9116
24688
4394
21812
3220
14721
25724
20794
23491
14177
12024
6932
17397
21416
10882
7864
2376
17411
25409
26232
25881
18982
9680
16921
21067
28081
27961
2172
16028
15856
24001
4815
17299
6118
26537
19859
32383
29379
26502
26568
11506
24806
21433
13219
12391
25942
22151
4708
24857
14770
20616
17793
13868
25914
26781
28831
102
2355
26511
5554
3029
24206
30518
28205
11359
3276
2804
5496
31911
9366
30924
26691
28643
3064
3464
16649
29949
13239
5281
19349
22718
32202
7091
16209
25072
31701
26824
25083
10678
27728
13774
16729
17774
3932
17436
7325
30699
19976
31118
154
12698
11200
4790
32157
28993
20391
22541
24700
19392
24862
5436
16453
591
21991
392
6148
29769
11813
27542
11533
9274
7277
11602
23534
28976
844
10999
5533
20829
5966
12561
5009
24085
6440
1267
11349
32249
32727
15727
1198
19261
921
8256
12082
16621
4281
7955
11481
6492
10720
19619
28101
16481
13394
14617
1512
18500
32674
15738
17596
10277
12026
30398
6253
12245
25160
2415
23086
12743
12510
19310
23667
3013
6968
3116
17945
16429
12570
11350
13961
5425
20203
16709
9244
18203
28664
14846
9982
27125
11122
5385
14066
16472
8613
15944
23937
11083
1633
12739
16648
22196
4131
28995
22609
18740
32684
1926
20250
15272
16025
26967
12401
378
13849
15402
2971
30978
5807
15719
22640
8909
3359
18986
23062
20220
29225
4359
32477
15384
12172
13395
23271
21823
7181
7120
5800
24720
26829
7564
26003
28206
12018
32210
13358
7057
18686
13326
11257
14476
3656
1090
21762
21405
29155
4336
2600
2665
29150
4526
1866
12757
10507
19364
24121
4187
24203
23817
6354
24471
17657
28856
16878
13149
32527
24047
6441
20524
19076
27261
19912
1589
31783
29678
1449
12580
18345
9924
17217
26879
15236
27326
20958
26583
5463
20007
31294
26347
4447
5528
18541
23701
20583
23087
28365
19263
32087
1181
8816
26082
16000
22416
20930
13685
22325
821
24122
17169
21080
23793
932
18868
12519
2766
8807
27835
2306
1074
7624
25734
31509
29413
5371
23414
31573
13335
1935
17502
16235
652
15937
3963
10977
21475
1585
2990
10286
25896
15904
2378
3115
24896
14743
5240
25401
138
13373
20096
4606
29461
8369
28158
6537
5172
15199
1289
14025
475
11977
15437
21213
25031
19533
26632
31991
73
3012
4112
292
26083
6721
29517
23854
23412
1928
29832
22047
19471
19212
23330
855
20368
19352
22753
21793
1508
7637
11514
27082
28655
27809
12417
27622
16317
16624
31641
27393
22978
11110
19884
3983
13418
2665
7226
16425
3587
10299
13978
21283
15198
6461
18725
14119
3693
8504
5809
23106
6592
3638
22347
28355
5530
12276
9047
29201
20625
2056
32192
3017
18972
32363
30012
23853
3051
15499
5047
31943
25221
8769
25916
17236
14540
16750
17105
31072
5626
17589
13351
9348
22251
4106
26718
5861
11788
5935
28151
8978
9643
27610
26784
2428
10290
25630
16952
3745
17813
14182
14909
9609
16212
10786
27161
8099
30550
11500
744
32631
673
26692
12192
30478
29385
6048
11854
25519
10633
13916
6510
18483
8883
18641
884
4999
25445
1313
5458
22184
22649
16703
29864
13
28376
2585
13900
2529
31010
14621
22728
16454
7138
24615
22990
5735
8837
27684
18167
21131
9706
7066
27740
3095
6042
20980
4821
32015
26624
1978
29827
0
26321
13776
19442
24314
20185
31178
15776
9626
6870
28645
9476
18827
13870
22347
23607
5822
8052
31725
19051
3160
31143
25802
22073
822
2625
14366
7084
28939
24735
27473
10577
23099
4821
3590
11667
31866
16034
18699
11996
20966
31295
23858
30616
28868
4408
19165
15246
31326
16094
2816
7390
28390
23101
30274
22659
9790
17936
3676
10409
25549
30363
14346
30883
26089
18248
11042
7984
8330
19515
27246
3227
25351
5881
5477
3972
8101
19992
32220
5149
29086
14159
1747
10414
24522
9744
28018
13446
17171
9347
5007
28956
20138
12759
1265
13127
21685
10926
14545
18331
2917
19099
31175
2218
14911
6639
6895
25591
9444
6426
111
2642
8271
31962
13749
16911
26588
4639
7053
20113
14054
3735
893
10293
30721
4636
7373
5712
10932
12863
16081
1927
29935
27487
30705
10564
12887
23505
27340
2246
4385
24600
1044
22475
13702
3922
2692
24584
25510
21921
4297
14000
15371
12600
31930
21446
17727
12214
16316
11860
3435
11581
16004
26346
19317
5998
32430
12841
22714
18379
23023
29427
12281
21878
24263
1021
14215
26432
18131
29116
3367
30695
22913
32170
24515
14101
3301
27119
29429
22589
17535
24655
19064
16952
11072
29714
471
28088
11011
27633
14199
31157
24747
27725
19896
10548
2902
18537
23430
9851
3721
17512
15814
32142
30894
32450
30186
5884
305
9250
23078
23750
19699
2527
31588
19254
21403
22957
23232
13962
21615
17411
2862
18004
24319
4572
21954
4283
15226
10617
12290
22406
22014
13611
5723
30230
32697
3075
1108
19921
17910
5452
9997
29427
18310
8911
22183
17250
19538
14704
29870
2580
16563
21927
21609
29723
15489
23807
14997
32404
5670
11187
8525
28821
20601
26270
25753
17130
9363
575
20020
5703
15035
18966
13792
21154
576
32447
93
4394
23632
23319
11384
24803
262
25871
18637
26622
26240
1646
23407
4723
22367
10027
17710
21314
24714
1202
15664
12554
22874
24505
813
27513
5364
20605
14113
6683
26250
15035
15789
28013
28422
14194
13676
3523
2631
9280
23603
2894
8752
9363
20841
20356
23136
1566
25577
10244
9894
6132
23493
7606
11223
31700
25943
3215
3196
18496
28626
31304
13102
11600
30416
17326
15812
9129
32583
21654
13265
28259
14000
19798
12602
8509
11433
1131
12938
15175
13815
31381
23478
754
19073
22428
10940
11241
31122
15638
11574
31364
26059
3932
24464
22622
6107
7192
25079
28308
29597
4612
29980
28891
27450
31265
14754
57
2141
6766
1224
12947
32598
8251
18686
13270
17945
21931
1281
5689
22315
24472
19032
24786
886
22171
17805
14770
7523
27857
13992
32705
4553
16352
15279
30507
10657
18070
30940
4079
31342
30894
26447
4128
26599
5022
5282
11921
11115
11325
9816
31251
20487
27556
20852
10112
7730
16719
21374
15367
26179
9477
16248
8670
13343
17621
20821
14783
18376
28257
2560
4980
16255
19987
19333
21639
3173
21294
4015
19173
2231
32212
28824
4226
11760
10187
8277
13809
11312
7574
26781
31531
16335
14322
31293
2394
3686
6577
26515
3628
14250
2314
24762
21339
28424
2816
17955
19029
19569
9979
29812
1568
30533
10033
31004
27427
17581
4493
12786
29740
7967
2056
17931
29227
13739
16868
31631
3185
9898
28509
6631
17380
21036
10996
10708
12812
3190
29788
15178
27432
16834
30917
7141
12977
27653
5071
23582
19606
25603
16624
12160
5661
991
8896
6634
32292
30924
7815
19029
8108
3596
6456
16145
26197
30781
30299
29794
29139
3598
128
23379
5105
22644
31644
10694
28322
20560
8697
10428
21665
26668
17573
5435
26943
1541
17009
17613
26155
6124
1432
21640
13925
29996
3698
4076
11837
9146
26332
29873
12550
19802
28508
22465
12541
497
21258
29607
16372
3475
22694
23077
11442
6030
25804
24918
5963
23758
20965
28376
27713
6403
31075
26220
16010
31160
29824
29368
20284
10748
1361
20624
29083
22885
3452
31130
28026
26702
9058
28955
6607
8329
2594
18258
13170
27431
15945
11955
15286
8790
19143
10197
10483
8417
32314
4549
29487
7780
495
8065
2291
15758
10969
12361
584
22657
19748
39
15358
15415
27084
6235
8852
25492
26771
19264
258
3009
12550
15735
29639
22573
16552
10855
23544
1892
15432
1204
22951
28011
18746
27364
15999
20258
12291
15278
15040
18040
17298
28354
13187
14030
4782
9616
17377
6294
20111
19175
2684
28492
22760
13279
12429
8057
25819
17574
19590
24889
22029
1186
18687
25259
21592
13308
15621
25812
24006
18704
19870
12068
6496
10083
15806
9440
12636
22457
14451
30948
28099
18693
6998
31668
23388
25126
28738
379
18215
20753
11036
18712
14727
15617
31
26363
11482
15236
24293
10330
25292
21945
22554
11669
30590
22856
16499
27620
31346
26415
16556
8034
18425
26846
16459
17067
5610
32618
19983
1586
27332
24068
20705
23218
13180
10850
22270
10693
17742
28512
30492
611
8881
515
27666
8588
20945
67
5146
10739
23927
15360
19670
25864
15213
1650
29813
8538
21495
4349
4144
25080
29378
31399
19315
3937
9116
719
9947
10379
20530
28568
13626
10893
21261
28280
21664
28858
7064
21579
31073
4489
17915
31351
546
31248
136
8787
7364
5106
11110
10456
5106
1900
30608
9406
14152
20153
2872
2616
1303
24412
13107
32582
7725
13606
17471
6699
2341
27417
24509
13939
24559
6853
29604
29553
8642
9593
20668
762
25194
24298
21428
11091
4526
22138
8381
5854
30472
32680
14202
16332
16134
2198
29391
2594
25179
4621
4836
30779
24846
12809
11095
18452
27085
903
1441
18200
3669
30483
3989
24681
18169
9082
27221
25830
16277
9297
21477
9347
16331
31360
27991
5760
30782
6708
20993
25255
13728
23427
3429
11196
10033
24269
15222
18333
12257
16494
22783
6652
13996
11262
14548
25390
10571
1143
5205
4730
31854
3871
1607
24454
20324
3659
3387
9332
30662
12738
30867
12018
8803
2523
24714
19115
18628
22901
5138
29560
6876
3240
18503
17689
8642
25167
30011
31108
2658
5328
3960
8961
6634
30762
25042
31073
9031
27840
19383
32312
13587
8795
14450
31139
23669
8320
27245
8613
2935
20382
4431
11902
16446
10400
4611
8991
5436
26397
25506
28810
12889
11137
23137
28853
25642
17496
21890
17818
29695
24057
13844
20195
18695
31892
143
17028
14653
23836
4072
29007
27192
28327
24976
30297
745
21959
31753
5279
10643
22994
235
11994
32457
23664
9948
17534
13801
6907
10295
1469
384
21471
12201
21049
5507
30549
15010
24750
22855
14105
32504
23773
20609
23122
15674
32155
14852
31914
12732
5654
22700
1393
22630
29342
10624
16555
3245
17415
22529
30573
15861
12007
31789
31888
31853
10045
15150
11488
17506
30398
12840
11088
31493
21222
20645
14050
2426
30803
31878
13449
12860
4272
11155
25433
30915
6599
7637
22387
27743
8485
26407
32547
13131
7175
26374
21800
24833
23452
29776
1869
5093
15633
16267
30400
24212
13107
14879
18116
25174
19283
12483
28944
32573
18241
29477
4245
12767
28057
23300
21719
2424
20799
7107
23592
9000
1500
13016
16877
3078
3490
20118
9193
7291
18326
533
17545
2735
21263
25581
12120
647
9435
23932
8236
27282
25843
28479
13751
32093
3045
27124
28993
27905
2544
17174
22008
11354
26132
13268
29574
18190
14405
8142
11899
27438
1087
7753
12707
23841
19160
18688
2291
23855
26144
30219
8960
8311
18625
4254
7596
12130
22775
17080
8617
12345
28152
17028
1266
22914
12662
22763
26079
2933
15422
29302
13733
6385
3935
19313
27206
22146
17335
32450
1235
10907
10248
29788
21892
8249
15485
9349
21175
9133
22144
659
5703
14138
11850
12303
21913
15423
408
23371
31483
7812
21192
8507
4706
12177
30696
8937
9991
18254
9006
13088
12479
13348
32423
27858
23367
23157
9654
6777
19850
6454
5689
4919
30579
7443
4255
8534
29489
19206
24698
26696
19631
13647
29602
9548
5541
15067
13114
11162
9550
16882
6329
28223
21338
8072
32132
16204
4899
28178
25668
23898
9239
23714
13374
19380
26449
25500
32614
27372
20638
3240
18909
6645
15010
5165
20015
31847
6499
618
17925
2715
17028
5429
4068
7780
31861
16728
28336
20342
24944
6631
4796
14803
2224
922
23887
4497
28293
8636
31554
13693
8989
13476
13041
21270
24799
18857
32104
32239
13662
25779
29161
19808
6102
17703
22957
31849
6191
26580
28510
10456
20435
6578
6071
20595
19130
14184
2281
2814
5416
22473
8296
9208
6613
17903
25667
7259
11366
22937
25816
28328
1309
21048
25200
17421
31415
13523
18961
22476
730
2763
20813
7337
3287
880
27752
13821
7034
9673
32378
28294
10490
31368
11262
21022
2129
20868
32551
6414
11321
10423
11059
16497
19046
5274
5726
5739
12702
11462
26911
21915
23386
2793
3507
21064
20010
3483
9325
3040
11632
14607
16764
5964
28135
3100
9247
15515
20062
26274
16279
30569
29405
14238
964
13175
22815
27117
9122
8478
26539
24109
8490
16566
6151
4959
18995
1259
2898
3615
12513
1778
30828
18949
29104
10960
19219
18532
29033
21003
24442
23092
25797
24944
6477
14429
19387
19538
20300
5876
21691
12206
567
21397
30477
7202
19146
9470
28298
21884
22104
25393
20745
30420
7942
11551
6564
23047
647
4696
14963
14805
5818
12191
25479
6548
24660
2054
947
22243
5631
10401
16760
8921
4162
21738
24919
21497
10927
4931
3045
7106
22706
12770
25276
20213
12891
15232
21058
19852
13688
27478
28262
11773
25937
12034
12997
6839
857
32544
28603
27826
8267
29280
6084
18487
3846
401
23955
2118
25569
11377
31767
21372
4161
1217
28502
1166
12813
1201
20764
14712
1562
30650
15350
29721
21196
18755
25426
29854
32281
31874
28854
9930
11583
31960
15532
19200
10928
9884
30202
30162
27769
15315
6181
18198
26619
18769
29473
26817
2412
12529
13204
21469
30804
3109
4901
31527
22496
23010
5873
2174
29256
6979
22126
17257
14259
31070
28102
29170
31212
5813
31979
15710
30270
1001
5093
5431
29728
18775
26750
24091
22007
952
28181
12678
19504
6509
15801
14860
29561
7465
26669
19883
9895
4056
6871
18836
6111
10220
18536
979
5004
27974
9721
11460
6718
30911
13840
15102
16344
11216
18395
21505
8625
8560
18103
23373
14911
16533
20270
524
6122
5147
20267
849
28557
17007
2598
21379
6683
31636
16765
26377
28056
4018
26709
31945
31353
25946
12546
4048
27754
3871
16454
23773
31901
18309
4968
11899
12911
14090
6085
22236
30067
14165
21345
32376
6655
14338
669
24564
5933
11921
24821
18797
15675
23320
25821
27032
15152
31673
4022
19870
2625
27711
13191
32485
6146
14326
31078
2311
11618
18668
24150
23014
2583
12289
21885
6313
20046
4749
20937
25884
22410
18026
3074
8194
20787
27714
24468
30497
6338
2651
26148
26024
5587
27870
844
21985
1762
20589
29209
1432
24482
7399
23760
18350
27852
3766
2349
17603
1881
1921
5960
3323
14522
21512
12481
17565
10012
19920
26781
27071
13186
9629
20885
17518
14821
15585
26231
17673
18030
16722
24774
20743
9430
12290
18439
9339
10524
12321
13169
14229
22733
8936
21581
28870
29046
32405
9599
25837
4231
20334
9212
14420
12251
16961
11303
13971
24942
2686
3277
711
28899
2468
7742
8375
21425
24396
25194
16897
24777
2072
3186
32707
18322
24910
12925
12836
24729
11759
545
22728
14437
13274
30606
323
27952
26286
28780
987
4215
13364
9190
195
18199
27773
31475
19197
3373
3274
4587
1744
13838
16329
22891
12730
11092
11994
20544
4503
13532
16948
25746
3355
6864
31339
22759
32038
6135
24503
14202
29096
742
7549
16161
24629
5991
8026
14520
13659
15656
2630
4168
28678
21270
13082
4112
29374
23190
30097
1424
3217
9860
9111
6195
16758
31953
25863
829
30408
585
19998
22186
12556
31214
2211
27909
31303
20371
24295
3844
6442
5783
15942
7690
2563
18601
29066
11399
24854
31478
1281
10111
19566
30192
15728
3614
29146
4275
23954
17429
13833
18515
11184
16567
27757
2807
10046
12082
5995
9482
595
26264
24232
32444
25438
21144
4858
4527
29737
31712
16639
7970
22538
17766
7015
28946
31965
22020
31378
8268
25949
7599
18906
17387
6864
8995
23631
11967
13108
3845
26285
21718
27742
22337
26474
21782
8016
27094
9680
15462
3543
5023
23403
27668
13313
17926
30860
5515
26223
9403
26121
24765
19402
23874
4138
31492
20332
27791
12892
12225
12816
14728
17605
26051
30627
23528
25071
19419
32066
30453
24743
11019
20428
7793
25648
15114
22205
27876
21530
18640
21231
5488
17807
13209
26577
31363
17908
29746
19223
21395
14499
32663
10537
31345
2723
32423
5480
5787
8698
4676
19820
12574
31178
14364
28415
23613
24818
24312
9770
22286
4760
31763
17772
24469
23021
16781
25069
19762
18944
9101
30362
1481
30651
22614
25245
24519
981
11436
21993
7809
6719
8859
7059
22065
27463
179
13293
13100
1225
15609
12102
1382
13300
14359
10948
4837
22211
8157
1859
14588
11344
13084
13824
1250
29152
27496
20665
14172
27431
922
2958
27287
8453
6510
25558
830
28593
10117
3334
25542
2175
17795
9506
5424
16044
19221
9022
940
6865
31062
21663
731
19279
23262
29974
1671
11469
2907
10123
32151
6439
15382
10951
22575
22334
2994
3424
17151
12761
29390
8493
25891
19843
15102
13980
30814
13842
28945
7588
668
10483
16360
10708
211
27092
186
15614
30867
10229
370
23903
19161
19297
18461
94
14444
8498
2327
29261
28161
23296
11057
6190
13500
1632
21798
31980
32494
28747
24306
13774
20210
8607
15231
31973
7177
9166
16697
27576
7911
5764
6162
1339
15307
26747
1926
20221
1168
3013
809
6550
18845
24652
26613
25925
31816
28603
4340
31455
24709
8691
15333
3457
8438
10692
32131
29268
31181
18291
19447
18779
18075
4128
6777
23704
4832
19049
27594
26036
17859
12697
30933
1533
454
21015
2937
11181
27814
14274
683
13900
10125
17883
28089
18750
7477
8191
28058
28033
18118
20396
27781
24703
3713
6185
12879
23393
27854
30109
6538
13737
4245
5255
31386
23997
29086
2544
21963
10263
24928
18558
15994
11556
2425
2779
28517
1712
29755
14976
5058
26437
3675
26784
2017
25909
30921
28265
8060
9126
11756
16986
24092
12261
22874
15300
16373
1565
14525
10093
16810
23119
29464
20147
8071
7344
3737
1381
22104
28724
30336
4357
17368
29338
30517
22311
6517
22792
8336
21009
10408
824
18629
9899
4919
617
10761
14740
18938
18995
15339
7815
15589
24647
17301
19394
24568
21980
18922
7407
17447
12182
28754
14371
12238
1099
18497
19612
19971
24508
16044
11847
13690
8991
30058
27356
23261
25757
2319
31079
24263
14114
13809
8264
17512
29960
14559
31133
24060
10492
9956
30920
4809
6275
81
10706
3325
6239
4470
26377
28081
6711
18398
19955
13459
28688
4430
7761
26533
11711
13685
12684
2688
6073
17995
5448
7614
9422
18273
19083
11185
28214
18751
16300
4150
13602
2357
7314
14550
8810
32093
16407
10684
18803
7781
5900
4090
14530
25356
25241
17715
14777
14950
6552
10480
23041
24115
12921
31107
15015
27483
29369
16120
24214
11173
18278
20891
30302
15124
9037
394
19728
5886
19707
30665
9120
17736
27224
25024
9941
30523
23897
29362
13276
5656
10074
6703
30353
28227
11418
28957
32596
24474
5600
10712
22903
22673
18582
32100
13274
27932
17171
28326
23018
14392
15999
15636
3867
4070
30617
19900
10628
28084
11631
145
18095
5326
24164
8456
6234
14531
26192
12356
4454
2402
31834
18265
23021
19991
21312
26566
1222
32161
11569
13211
10551
26728
21977
6336
16236
4686
6622
5931
25860
24963
24718
15464
4553
2968
19795
20479
16928
4874
31989
7
18629
18572
26966
18226
12015
15913
15161
2363
10966
30275
21820
1698
4336
13159
19589
9450
2408
20413
3865
17382
27627
22941
9060
17532
3177
14931
14803
16706
19105
20930
7941
32688
7441
32382
16954
31839
26680
10846
27345
8982
5330
17315
1598
12779
3518
2540
24386
257
12479
10137
26218
20290
16875
17007
30674
25689
1778
15891
12966
21881
1211
17744
26098
21522
4573
21194
15739
15391
3604
10264
16584
29627
25960
30543
2980
25211
22428
10166
18756
18782
23300
3052
24455
27958
27876
25768
23548
1048
18332
21474
29778
28613
20166
9514
21081
10285
30240
25964
6540
21469
27140
19584
24318
10437
3504
17645
4846
20554
16744
13788
15268
15778
5753
22447
24611
10601
29485
27652
28180
26552
29057
29023
19671
25645
15535
2668
3467
22783
30455
5499
19465
744
10154
383
7660
19200
30413
30461
13863
22221
31418
22377
31493
19274
21873
12693
2597
9292
23380
1447
28756
30314
5272
10471
8798
14530
28053
12271
511
36
31125
17414
2401
2947
10408
15615
16448
30145
9510
14474
26118
23925
29162
25659
1488
19313
16553
16973
18198
16143
13466
865
3996
10501
29730
14199
13796
20241
5943
5026
9975
7689
6771
11696
14531
18782
26879
12665
23897
23886
7425
27270
30213
21043
3588
32014
18487
32741
17125
30974
27063
21668
27305
9789
20597
22818
1534
21217
30038
27657
32546
8933
13369
3396
2309
15961
29740
22364
25923
12076
9006
1814
17739
14272
24354
29295
2189
9708
24553
3959
31887
22411
13083
19992
30292
22834
19301
16511
16936
13198
26941
14774
973
27155
1091
32469
10698
10943
22339
8093
15092
11554
5539
19784
32588
1301
10120
11991
1699
29444
13182
9251
32163
24105
24542
531
6197
2620
19160
13529
3208
14412
16722
16890
12749
5598
4646
11490
28119
15601
23809
27455
23830
15127
714
29833
9282
9494
15766
13098
29719
755
1316
16731
11412
5722
25282
28129
19259
2553
8109
3675
20287
6163
25852
11620
28844
3224
3508
20660
12285
28005
14826
18307
25925
4225
32337
1648
24266
20274
32426
5290
10798
8940
7003
25167
6516
32477
32405
23190
24370
10290
30558
16279
23343
17203
11358
29162
28871
13520
7236
9780
2052
29588
1571
302
16648
24007
12972
9709
23927
15832
6886
30593
24003
1935
6799
26482
29150
27683
21750
25589
7419
31485
20687
6160
15289
5589
23226
10357
10610
23090
1766
13822
16459
13061
9622
26258
2000
23933
10543
8010
7221
246
4041
18530
20210
18556
11206
9923
24356
17569
22541
2794
12598
5457
2357
23076
13961
10382
20947
6923
325
19248
25720
22904
7363
22587
7981
22488
6853
15271
23355
23509
30455
758
19563
26207
23987
5703
16909
1387
1775
24002
7031
2934
25891
17884
16508
7861
26452
28034
12634
20953
16682
25009
16250
2779
22965
5203
14508
29001
24597
10440
4996
22681
25559
19468
28561
14400
32039
17667
20422
5794
24958
29780
14900
5331
23028
26842
8457
1976
23510
4365
14617
14878
26681
16624
22280
19032
13841
1959
1295
28454
19796
5687
4955
17496
12023
18774
17907
20216
16568
2282
4174
6730
29625
350
1963
1323
30087
1724
16007
17419
21937
22194
15140
21079